994
980
966
951
938
925
912
898
886
874
862
847
835
823
811
800
789
778
767
755
745
735
725
712
702
692
682
672
663
654
645
635
626
617
608
599
591
583
575
565
557
549
541
534
527
520
513
504
497
490
483
475
469
462
456
449
443
437
431
423
417
411
405
400
394
389
383
377
372
367
362
356
351
346
341
336
331
327
322
317
313
308
304
299
295
291
287
282
278
274
270
267
263
260
256
252
248
245
241
237
234
231
228
224
221
218
215
211
208
205
202
200
197
194
191
188
186
183
181
178
175
173
170
168
165
163
161
158
156
154
152
149
147
145
143
141
139
137
135
133
131
130
128
126
124
122
120
118
117
115
114
112
110
109
107
105
104
102
101
100
98
97
95
94
93
91
90
89
87
86
85
84
82
81
80
79
78
77
76
74
73
72
71
70
69
68
67
66
65
65
64
63
62
61
60
59
58
57
57
56
55
54
53
52
52
51
50
50
49
48
47
47
46
45
45
44
43
43
42
42
41
40
40
39
39
38
38
37
36
36
35
35
34
34
33
33
32
32
32
31
31
30
30
29
29
28
28
28
27
27
26
26
26
25
25
